# popup / help ids drawn from the SYS atlas (cell 36 = Latin W): encode lam+alef without the ligature
2887
15740
15741
16038
16040
16078
16079
16115
16119
16121
16125
16126
16127
16130
16132
17158
17159
17160
17161
17162
17587
17615
17627
17628
17860
17861
18602
18707
19584
20540
20594
20596
20598
17345
17347
17349
17431
17433
17435
17464
17466
17468
17553
17559
17561
17563
17661
17682
17950
17977
18423
18424
18425
18431
18433
18435
18922
19119
19141
19143
19145
20172
2888
2889
2890
2891
2892
2893
2894
